[1,["3004862e-868e-4b34-95cb-f185d324e081@e39f7","1baf0fc9-befa-459c-8bdd-af1a450a0319"],["mainTexture","_effectAsset"],[["cc.Mesh",["_native","_hash","_struct"],1,11],["cc.Skeleton",["_name","_hash","_joints","_bindposes"],0,12],["cc.Material",["_name","_states","_defines","_props"],0,12]],[[0,0,1,2,3],[1,0,1,2,3,4],[2,0,1,2,3,4]],[[[[0,".bin",1823113615,[{"primitives":[{"primitiveMode":7,"jointMapIndex":0,"vertexBundelIndices":[0],"indexView":{"offset":124416,"length":6912,"count":1728,"stride":4}}],"vertexBundles":[{"view":{"offset":0,"length":124416,"count":1728,"stride":72},"attributes":[{"name":"a_position","format":32,"isNormalized":false},{"name":"a_normal","format":32,"isNormalized":false},{"name":"a_texCoord","format":21,"isNormalized":false},{"name":"a_tangent","format":44,"isNormalized":false},{"name":"a_joints","format":42,"isNormalized":false},{"name":"a_weights","format":44,"isNormalized":false}]}],"jointMaps":[[0,2,3,4,5,6,7,8,9,10,11,12,13,14,15,16,17,18,19,20,21,22,23]]},"minPosition",8,[1,-12.592718124389648,-0.12174476683139801,-88.09500122070312],"maxPosition",8,[1,12.592718124389648,78.90718841552734,66.62486267089844]]],-1],0,0,[],[],[]],[[[1,"Skin-0",1172741553,["RootNode (gltf orientation matrix)/RootNode (model correction matrix)/animations.FBX/(__autogen 0)/RootNode/(__autogen 0)/_rootJoint","RootNode (gltf orientation matrix)/RootNode (model correction matrix)/animations.FBX/(__autogen 0)/RootNode/(__autogen 0)/_rootJoint/b_Root_00","RootNode (gltf orientation matrix)/RootNode (model correction matrix)/animations.FBX/(__autogen 0)/RootNode/(__autogen 0)/_rootJoint/b_Root_00/b_Hip_01","RootNode (gltf orientation matrix)/RootNode (model correction matrix)/animations.FBX/(__autogen 0)/RootNode/(__autogen 0)/_rootJoint/b_Root_00/b_Hip_01/b_Spine01_02","RootNode (gltf orientation matrix)/RootNode (model correction matrix)/animations.FBX/(__autogen 0)/RootNode/(__autogen 0)/_rootJoint/b_Root_00/b_Hip_01/b_Spine01_02/b_Spine02_03","RootNode (gltf orientation matrix)/RootNode (model correction matrix)/animations.FBX/(__autogen 0)/RootNode/(__autogen 0)/_rootJoint/b_Root_00/b_Hip_01/b_Spine01_02/b_Spine02_03/b_Neck_04","RootNode (gltf orientation matrix)/RootNode (model correction matrix)/animations.FBX/(__autogen 0)/RootNode/(__autogen 0)/_rootJoint/b_Root_00/b_Hip_01/b_Spine01_02/b_Spine02_03/b_Neck_04/b_Head_05","RootNode (gltf orientation matrix)/RootNode (model correction matrix)/animations.FBX/(__autogen 0)/RootNode/(__autogen 0)/_rootJoint/b_Root_00/b_Hip_01/b_Spine01_02/b_Spine02_03/b_RightUpperArm_06","RootNode (gltf orientation matrix)/RootNode (model correction matrix)/animations.FBX/(__autogen 0)/RootNode/(__autogen 0)/_rootJoint/b_Root_00/b_Hip_01/b_Spine01_02/b_Spine02_03/b_RightUpperArm_06/b_RightForeArm_07","RootNode (gltf orientation matrix)/RootNode (model correction matrix)/animations.FBX/(__autogen 0)/RootNode/(__autogen 0)/_rootJoint/b_Root_00/b_Hip_01/b_Spine01_02/b_Spine02_03/b_RightUpperArm_06/b_RightForeArm_07/b_RightHand_08","RootNode (gltf orientation matrix)/RootNode (model correction matrix)/animations.FBX/(__autogen 0)/RootNode/(__autogen 0)/_rootJoint/b_Root_00/b_Hip_01/b_Spine01_02/b_Spine02_03/b_LeftUpperArm_09","RootNode (gltf orientation matrix)/RootNode (model correction matrix)/animations.FBX/(__autogen 0)/RootNode/(__autogen 0)/_rootJoint/b_Root_00/b_Hip_01/b_Spine01_02/b_Spine02_03/b_LeftUpperArm_09/b_LeftForeArm_010","RootNode (gltf orientation matrix)/RootNode (model correction matrix)/animations.FBX/(__autogen 0)/RootNode/(__autogen 0)/_rootJoint/b_Root_00/b_Hip_01/b_Spine01_02/b_Spine02_03/b_LeftUpperArm_09/b_LeftForeArm_010/b_LeftHand_011","RootNode (gltf orientation matrix)/RootNode (model correction matrix)/animations.FBX/(__autogen 0)/RootNode/(__autogen 0)/_rootJoint/b_Root_00/b_Hip_01/b_Tail01_012","RootNode (gltf orientation matrix)/RootNode (model correction matrix)/animations.FBX/(__autogen 0)/RootNode/(__autogen 0)/_rootJoint/b_Root_00/b_Hip_01/b_Tail01_012/b_Tail02_013","RootNode (gltf orientation matrix)/RootNode (model correction matrix)/animations.FBX/(__autogen 0)/RootNode/(__autogen 0)/_rootJoint/b_Root_00/b_Hip_01/b_Tail01_012/b_Tail02_013/b_Tail03_014","RootNode (gltf orientation matrix)/RootNode (model correction matrix)/animations.FBX/(__autogen 0)/RootNode/(__autogen 0)/_rootJoint/b_Root_00/b_Hip_01/b_LeftLeg01_015","RootNode (gltf orientation matrix)/RootNode (model correction matrix)/animations.FBX/(__autogen 0)/RootNode/(__autogen 0)/_rootJoint/b_Root_00/b_Hip_01/b_LeftLeg01_015/b_LeftLeg02_016","RootNode (gltf orientation matrix)/RootNode (model correction matrix)/animations.FBX/(__autogen 0)/RootNode/(__autogen 0)/_rootJoint/b_Root_00/b_Hip_01/b_LeftLeg01_015/b_LeftLeg02_016/b_LeftFoot01_017","RootNode (gltf orientation matrix)/RootNode (model correction matrix)/animations.FBX/(__autogen 0)/RootNode/(__autogen 0)/_rootJoint/b_Root_00/b_Hip_01/b_LeftLeg01_015/b_LeftLeg02_016/b_LeftFoot01_017/b_LeftFoot02_018","RootNode (gltf orientation matrix)/RootNode (model correction matrix)/animations.FBX/(__autogen 0)/RootNode/(__autogen 0)/_rootJoint/b_Root_00/b_Hip_01/b_RightLeg01_019","RootNode (gltf orientation matrix)/RootNode (model correction matrix)/animations.FBX/(__autogen 0)/RootNode/(__autogen 0)/_rootJoint/b_Root_00/b_Hip_01/b_RightLeg01_019/b_RightLeg02_020","RootNode (gltf orientation matrix)/RootNode (model correction matrix)/animations.FBX/(__autogen 0)/RootNode/(__autogen 0)/_rootJoint/b_Root_00/b_Hip_01/b_RightLeg01_019/b_RightLeg02_020/b_RightFoot01_021","RootNode (gltf orientation matrix)/RootNode (model correction matrix)/animations.FBX/(__autogen 0)/RootNode/(__autogen 0)/_rootJoint/b_Root_00/b_Hip_01/b_RightLeg01_019/b_RightLeg02_020/b_RightFoot01_021/b_RightFoot02_022"],[[[7,1,0,0,0,0,1,0,0,0,0,1,0,0,0,0,1],[7,1,0,0,0,0,1,0,0,0,0,1,0,0,0,0,1],[7,1.0853934639953877e-7,-5.282821007313032e-7,-1,0,0.9347831606864929,0.3552186191082001,-8.619491609351826e-8,0,0.3552186191082001,-0.9347831606864929,5.323844902704877e-7,0,-30.636056900024414,-40.256629943847656,0.00001911086837935727,1],[7,2.105047514078251e-7,3.08924299474711e-8,-1,0,-0.05547090992331505,0.9984602332115173,1.9167977427514415e-8,0,0.9984602332115173,0.05547090992331505,2.1189427457102283e-7,0,25.197954177856445,-53.635337829589844,0.000004179833013040479,1],[7,2.114527291041668e-7,-7.030953952380514e-8,-1,0,-0.020672254264354706,0.9997862577438354,-7.466572782277581e-8,0,0.9997862577438354,0.020672254264354706,2.0995409499846573e-7,0,1.6725457906723022,-53.72603225708008,0.000006409323759726249,1],[7,1.318786928550253e-7,-1.7962099718715763e-7,-1,0,0.5611711740493774,0.8276996612548828,-7.466573492820316e-8,0,0.8276996612548828,-0.5611711740493774,2.0995410920932045e-7,0,-50.625370025634766,-29.973907470703125,0.000006335617399599869,1],[7,2.2139354882710904e-7,-6.146914444116192e-8,-1,0,-0.22588975727558136,0.9741525650024414,-1.0989092658064692e-7,0,0.9741525650024414,0.22588975727558136,2.017859657144072e-7,0,-21.502422332763672,-67.32292938232422,0.0000086438840298797,1],[7,-2.0165263237004183e-8,-1.1339813710264934e-7,-1,0,-0.9993849396705627,-0.0350661426782608,2.412929944739517e-8,0,-0.0350661426782608,0.9993849396705627,-1.1262128651878811e-7,0,49.668426513671875,-16.29187774658203,-6.967567443847656,1],[7,-2.852388725216315e-8,-1.8705286208842153e-7,-1,0,-0.9992319345474243,0.039185501635074615,2.1172219533127645e-8,0,0.039185501635074615,0.9992319345474243,-1.8802691670316563e-7,0,25.341045379638672,-18.22243309020996,-6.967566013336182,1],[7,-1.3678993582288967e-7,-8.4357559160253e-8,-1,0,-0.5431880950927734,0.8396110534667969,3.4751206356986586e-9,0,0.8396110534667969,0.5431880950927734,-1.60672357196745e-7,0,-11.331926345825195,-15.304818153381348,-6.96756649017334,1],[7,-2.0165263237004183e-8,-1.1339813710264934e-7,-1,0,-0.9993849396705627,-0.0350661426782608,2.412929944739517e-8,0,-0.0350661426782608,0.9993849396705627,-1.1262128651878811e-7,0,49.668426513671875,-16.2918758392334,6.967994689941406,1],[7,-2.852388725216315e-8,-1.8705286208842153e-7,-1,0,-0.9992319345474243,0.039185501635074615,2.1172219533127645e-8,0,0.039185501635074615,0.9992319345474243,-1.8802691670316563e-7,0,25.341045379638672,-18.222431182861328,6.967996120452881,1],[7,-1.3678993582288967e-7,-8.4357559160253e-8,-1,0,-0.5431880950927734,0.8396110534667969,3.4751206356986586e-9,0,0.8396110534667969,0.5431880950927734,-1.60672357196745e-7,0,-11.33192253112793,-15.304816246032715,6.967995643615723,1],[7,5.114792855920314e-8,-2.0169488834653748e-7,-1,0,-0.7355451583862305,-0.6774757504463196,9.902177566800674e-8,0,-0.6774757504463196,0.7355451583862305,-1.8300715964869596e-7,0,11.478936195373535,65.16262817382812,-0.000007910844033176545,1],[7,7.866687212754186e-8,-1.926355537307245e-7,-1,0,-0.6343163847923279,-0.7730736136436462,9.902177566800674e-8,0,-0.7730736136436462,0.6343163847923279,-1.8300715964869596e-7,0,-9.974800109863281,64.40140533447266,-0.000008178128155122977,1],[7,9.892103491893067e-8,-1.8306162985481933e-7,-1,0,-0.5475273132324219,-0.8367878198623657,9.902177566800674e-8,0,-0.8367878198623657,0.5475273132324219,-1.8300715964869596e-7,0,-40.94055938720703,60.349693298339844,-0.000008813943168206606,1],[7,6.619357151294025e-8,-2.857016738744278e-7,-1,0,-0.9917778372764587,0.12797166407108307,-1.0221103252661123e-7,0,0.12797166407108307,0.9917778372764587,-2.7488167120282014e-7,0,52.68433380126953,23.30620574951172,6.968001365661621,1],[7,2.8145575470261974e-7,-1.6299743776926334e-7,-1,0,-0.8106792569160461,-0.5854905247688293,-1.3273688637127634e-7,0,-0.5854905247688293,0.8106792569160461,-2.9692830594285624e-7,0,8.648280143737793,40.084716796875,6.968000411987305,1],[7,3.071762932904676e-8,-3.23792960443825e-7,-1,0,-0.9473952651023865,0.3200661540031433,-1.3273688637127634e-7,0,0.3200661540031433,0.9473952651023865,-2.969281922560185e-7,0,27.238698959350586,30.84195899963379,6.968000888824463,1],[7,-2.2167670010730944e-7,-1.5796553043401218e-7,-1,0,-0.08664672821760178,0.9962390065193176,-1.3816388388931955e-7,0,0.9962390065193176,0.08664672821760178,-2.3453021924524364e-7,0,32.84867858886719,1.8687427043914795,6.968002796173096,1],[7,6.619357151294025e-8,-2.857016738744278e-7,-1,0,-0.9917778372764587,0.12797166407108307,-1.0221103252661123e-7,0,0.12797166407108307,0.9917778372764587,-2.7488167120282014e-7,0,52.6843376159668,23.306201934814453,-6.967568397521973,1],[7,2.8145575470261974e-7,-1.6299743776926334e-7,-1,0,-0.8106792569160461,-0.5854905247688293,-1.3273688637127634e-7,0,-0.5854905247688293,0.8106792569160461,-2.9692830594285624e-7,0,8.648284912109375,40.084716796875,-6.967569351196289,1],[7,3.071762932904676e-8,-3.23792960443825e-7,-1,0,-0.9473952651023865,0.3200661540031433,-1.3273688637127634e-7,0,0.3200661540031433,0.9473952651023865,-2.969281922560185e-7,0,27.23870086669922,30.841955184936523,-6.967568874359131,1],[7,-2.2167670010730944e-7,-1.5796553043401218e-7,-1,0,-0.08664672821760178,0.9962390065193176,-1.3816388388931955e-7,0,0.9962390065193176,0.08664672821760178,-2.3453021924524364e-7,0,32.84867477416992,1.8687405586242676,-6.967566967010498,1]],8,8,8,8,8,8,8,8,8,8,8,8,8,8,8,8,8,8,8,8,8,8,8,8]]],0,0,[],[],[]],[[[2,"fox_material",[{"rasterizerState":{"cullMode":0},"blendState":{"targets":[{}]},"depthStencilState":{}}],[{"OCCLUSION_CHANNEL":"r","ROUGHNESS_CHANNEL":"g","METALLIC_CHANNEL":"b","USE_ALBEDO_MAP":true,"USE_SKINNING":true}],[[[{"alphaThreshold":1,"occlusion":1,"roughness":1,"metallic":1,"normalStrenth":1},"pbrScale",8,[2,1,0.58,0,1],"albedoScale",8,[2,1,1,1,1],"emissiveScale",8,[2,0,0,0,1],"mainTexture",6,0]],11]]],0,0,[0,0],[0,1],[0,1]]]]
